(kicad_pcb (version 20171130) (host pcbnew "(5.1.12)-1")

  (general
    (thickness 1.6)
    (drawings 12)
    (tracks 846)
    (zones 0)
    (modules 127)
    (nets 141)
  )

  (page A4)
  (layers
    (0 F.Cu signal)
    (31 B.Cu signal)
    (32 B.Adhes user)
    (33 F.Adhes user)
    (34 B.Paste user)
    (35 F.Paste user)
    (36 B.SilkS user)
    (37 F.SilkS user)
    (38 B.Mask user)
    (39 F.Mask user)
    (40 Dwgs.User user)
    (41 Cmts.User user)
    (42 Eco1.User user)
    (43 Eco2.User user)
    (44 Edge.Cuts user)
    (45 Margin user)
    (46 B.CrtYd user)
    (47 F.CrtYd user)
    (48 B.Fab user)
    (49 F.Fab user hide)
  )

  (setup
    (last_trace_width 0.25)
    (user_trace_width 0.25)
    (user_trace_width 0.5)
    (user_trace_width 1)
    (trace_clearance 0.2)
    (zone_clearance 0.508)
    (zone_45_only no)
    (trace_min 0.2)
    (via_size 0.8)
    (via_drill 0.4)
    (via_min_size 0.4)
    (via_min_drill 0.3)
    (uvia_size 0.3)
    (uvia_drill 0.1)
    (uvias_allowed no)
    (uvia_min_size 0.2)
    (uvia_min_drill 0.1)
    (edge_width 0.05)
    (segment_width 0.2)
    (pcb_text_width 0.3)
    (pcb_text_size 1.5 1.5)
    (mod_edge_width 0.12)
    (mod_text_size 1 1)
    (mod_text_width 0.15)
    (pad_size 1.524 1.524)
    (pad_drill 0.762)
    (pad_to_mask_clearance 0)
    (aux_axis_origin 0 0)
    (visible_elements 7FFFFFFF)
    (pcbplotparams
      (layerselection 0x010fc_ffffffff)
      (usegerberextensions false)
      (usegerberattributes true)
      (usegerberadvancedattributes true)
      (creategerberjobfile true)
      (excludeedgelayer true)
      (linewidth 0.100000)
      (plotframeref false)
      (viasonmask false)
      (mode 1)
      (useauxorigin false)
      (hpglpennumber 1)
      (hpglpenspeed 20)
      (hpglpendiameter 15.000000)
      (psnegative false)
      (psa4output false)
      (plotreference true)
      (plotvalue true)
      (plotinvisibletext false)
      (padsonsilk false)
      (subtractmaskfromsilk false)
      (outputformat 1)
      (mirror false)
      (drillshape 1)
      (scaleselection 1)
      (outputdirectory ""))
  )

  (net 0 "")
  (net 1 "Net-(IC1-Pad4)")
  (net 2 "Net-(IC1-Pad5)")
  (net 3 "Net-(IC2-Pad13)")
  (net 4 "Net-(IC2-Pad12)")
  (net 5 "Net-(IC2-Pad11)")
  (net 6 "Net-(IC2-Pad10)")
  (net 7 "Net-(IC2-Pad5)")
  (net 8 "Net-(IC2-Pad8)")
  (net 9 "Net-(IC2-Pad6)")
  (net 10 "Net-(IC2-Pad4)")
  (net 11 GND)
  (net 12 VCC)
  (net 13 "Net-(C6-Pad1)")
  (net 14 "Net-(C7-Pad1)")
  (net 15 "Net-(C8-Pad1)")
  (net 16 "Net-(C9-Pad1)")
  (net 17 "Net-(C10-Pad1)")
  (net 18 "Net-(C11-Pad1)")
  (net 19 "Net-(C12-Pad1)")
  (net 20 "Net-(C13-Pad2)")
  (net 21 "Net-(C14-Pad2)")
  (net 22 "Net-(C17-Pad1)")
  (net 23 SDC_3.3)
  (net 24 "Net-(D3-Pad2)")
  (net 25 "Net-(D5-Pad2)")
  (net 26 "Net-(D7-Pad2)")
  (net 27 "Net-(D10-Pad1)")
  (net 28 "Net-(D11-Pad2)")
  (net 29 "Net-(D13-Pad2)")
  (net 30 "Net-(D15-Pad2)")
  (net 31 "Net-(D17-Pad2)")
  (net 32 SDC_IN)
  (net 33 "Net-(IC1-Pad10)")
  (net 34 "Net-(IC2-Pad9)")
  (net 35 "Net-(IC2-Pad3)")
  (net 36 "Net-(IC2-Pad1)")
  (net 37 SDC_RL)
  (net 38 WD)
  (net 39 BT_EXT)
  (net 40 AS_CLOSE)
  (net 41 BT_COCKPIT)
  (net 42 AS_DV)
  (net 43 SDC_RDY)
  (net 44 +5V)
  (net 45 "Net-(U4-Pad14)")
  (net 46 "Net-(U4-Pad13)")
  (net 47 "Net-(U4-Pad12)")
  (net 48 "Net-(U4-Pad11)")
  (net 49 "Net-(U4-Pad10)")
  (net 50 "Net-(U4-Pad9)")
  (net 51 "Net-(U4-Pad7)")
  (net 52 "Net-(U4-Pad6)")
  (net 53 "Net-(U4-Pad5)")
  (net 54 "Net-(U4-Pad4)")
  (net 55 "Net-(U5-Pad7)")
  (net 56 "Net-(U5-Pad6)")
  (net 57 "Net-(U5-Pad5)")
  (net 58 "Net-(U5-Pad4)")
  (net 59 "Net-(U5-Pad3)")
  (net 60 "Net-(U6-Pad13)")
  (net 61 "Net-(U6-Pad12)")
  (net 62 "Net-(U6-Pad11)")
  (net 63 "Net-(U6-Pad3)")
  (net 64 "Net-(U7-Pad8)")
  (net 65 "Net-(IC1-Pad13)")
  (net 66 "Net-(IC1-Pad12)")
  (net 67 "Net-(IC1-Pad11)")
  (net 68 "Net-(100uF1-Pad1)")
  (net 69 "Net-(C16-Pad1)")
  (net 70 "Net-(C19-Pad1)")
  (net 71 SENSOR_0)
  (net 72 SENSOR_1)
  (net 73 SENSOR_2)
  (net 74 SENSOR_3)
  (net 75 "Net-(D20-Pad2)")
  (net 76 "Net-(D22-Pad1)")
  (net 77 "Net-(D22-Pad2)")
  (net 78 "Net-(D24-Pad2)")
  (net 79 "Net-(D26-Pad2)")
  (net 80 "Net-(D28-Pad2)")
  (net 81 "Net-(D30-Pad2)")
  (net 82 VCC+15)
  (net 83 "Net-(IC1-Pad1)")
  (net 84 "Net-(J5-Pad3)")
  (net 85 "Net-(J5-Pad4)")
  (net 86 "Net-(K1-Pad4)")
  (net 87 "Net-(R6-Pad2)")
  (net 88 "Net-(R7-Pad2)")
  (net 89 "Net-(R17-Pad1)")
  (net 90 "Net-(R21-Pad1)")
  (net 91 EBS_FAIL_LED)
  (net 92 "Net-(U8-Pad2)")
  (net 93 "Net-(U8-Pad3)")
  (net 94 "Net-(U8-Pad4)")
  (net 95 "Net-(U8-Pad8)")
  (net 96 "Net-(U8-Pad9)")
  (net 97 "Net-(U8-Pad10)")
  (net 98 "Net-(U8-Pad11)")
  (net 99 "Net-(U8-Pad14)")
  (net 100 "Net-(U8-Pad15)")
  (net 101 "Net-(U8-Pad16)")
  (net 102 "Net-(U8-Pad20)")
  (net 103 "Net-(U8-Pad24)")
  (net 104 "Net-(U8-Pad26)")
  (net 105 "Net-(U8-Pad27)")
  (net 106 "Net-(U8-Pad29)")
  (net 107 "Net-(U8-Pad30)")
  (net 108 "Net-(U8-Pad37)")
  (net 109 "Net-(U8-Pad38)")
  (net 110 "Net-(U8-Pad39)")
  (net 111 "Net-(U8-Pad40)")
  (net 112 "Net-(U8-Pad41)")
  (net 113 "Net-(U8-Pad42)")
  (net 114 "Net-(U8-Pad43)")
  (net 115 RX_CAN)
  (net 116 TX_CAN)
  (net 117 "Net-(U8-Pad50)")
  (net 118 "Net-(U8-Pad51)")
  (net 119 "Net-(U8-Pad52)")
  (net 120 "Net-(U8-Pad53)")
  (net 121 "Net-(U8-Pad54)")
  (net 122 "Net-(U8-Pad55)")
  (net 123 "Net-(U8-Pad56)")
  (net 124 "Net-(U8-Pad57)")
  (net 125 "Net-(U8-Pad58)")
  (net 126 "Net-(U8-Pad59)")
  (net 127 "Net-(U8-Pad61)")
  (net 128 "Net-(U8-Pad62)")
  (net 129 "Net-(D2-Pad1)")
  (net 130 "Net-(Q2-Pad3)")
  (net 131 "Net-(Q2-Pad1)")
  (net 132 NRST)
  (net 133 SWDIO)
  (net 134 SWCLK)
  (net 135 /supervisor/CAN_H)
  (net 136 /supervisor/CAN_L)
  (net 137 SDC_OUT)
  (net 138 "Net-(J5-Pad6)")
  (net 139 "Net-(J5-Pad5)")
  (net 140 "Net-(J4-Pad3)")

  (net_class Default "This is the default net class."
    (clearance 0.2)
    (trace_width 0.25)
    (via_dia 0.8)
    (via_drill 0.4)
    (uvia_dia 0.3)
    (uvia_drill 0.1)
    (add_net +5V)
    (add_net /supervisor/CAN_H)
    (add_net /supervisor/CAN_L)
    (add_net AS_CLOSE)
    (add_net AS_DV)
    (add_net BT_COCKPIT)
    (add_net BT_EXT)
    (add_net EBS_FAIL_LED)
    (add_net GND)
    (add_net NRST)
    (add_net "Net-(100uF1-Pad1)")
    (add_net "Net-(C10-Pad1)")
    (add_net "Net-(C11-Pad1)")
    (add_net "Net-(C12-Pad1)")
    (add_net "Net-(C13-Pad2)")
    (add_net "Net-(C14-Pad2)")
    (add_net "Net-(C16-Pad1)")
    (add_net "Net-(C17-Pad1)")
    (add_net "Net-(C19-Pad1)")
    (add_net "Net-(C6-Pad1)")
    (add_net "Net-(C7-Pad1)")
    (add_net "Net-(C8-Pad1)")
    (add_net "Net-(C9-Pad1)")
    (add_net "Net-(D10-Pad1)")
    (add_net "Net-(D11-Pad2)")
    (add_net "Net-(D13-Pad2)")
    (add_net "Net-(D15-Pad2)")
    (add_net "Net-(D17-Pad2)")
    (add_net "Net-(D2-Pad1)")
    (add_net "Net-(D20-Pad2)")
    (add_net "Net-(D22-Pad1)")
    (add_net "Net-(D22-Pad2)")
    (add_net "Net-(D24-Pad2)")
    (add_net "Net-(D26-Pad2)")
    (add_net "Net-(D28-Pad2)")
    (add_net "Net-(D3-Pad2)")
    (add_net "Net-(D30-Pad2)")
    (add_net "Net-(D5-Pad2)")
    (add_net "Net-(D7-Pad2)")
    (add_net "Net-(IC1-Pad1)")
    (add_net "Net-(IC1-Pad10)")
    (add_net "Net-(IC1-Pad11)")
    (add_net "Net-(IC1-Pad12)")
    (add_net "Net-(IC1-Pad13)")
    (add_net "Net-(IC1-Pad4)")
    (add_net "Net-(IC1-Pad5)")
    (add_net "Net-(IC2-Pad1)")
    (add_net "Net-(IC2-Pad10)")
    (add_net "Net-(IC2-Pad11)")
    (add_net "Net-(IC2-Pad12)")
    (add_net "Net-(IC2-Pad13)")
    (add_net "Net-(IC2-Pad3)")
    (add_net "Net-(IC2-Pad4)")
    (add_net "Net-(IC2-Pad5)")
    (add_net "Net-(IC2-Pad6)")
    (add_net "Net-(IC2-Pad8)")
    (add_net "Net-(IC2-Pad9)")
    (add_net "Net-(J4-Pad3)")
    (add_net "Net-(J5-Pad3)")
    (add_net "Net-(J5-Pad4)")
    (add_net "Net-(J5-Pad5)")
    (add_net "Net-(J5-Pad6)")
    (add_net "Net-(K1-Pad4)")
    (add_net "Net-(Q2-Pad1)")
    (add_net "Net-(Q2-Pad3)")
    (add_net "Net-(R17-Pad1)")
    (add_net "Net-(R21-Pad1)")
    (add_net "Net-(R6-Pad2)")
    (add_net "Net-(R7-Pad2)")
    (add_net "Net-(U4-Pad10)")
    (add_net "Net-(U4-Pad11)")
    (add_net "Net-(U4-Pad12)")
    (add_net "Net-(U4-Pad13)")
    (add_net "Net-(U4-Pad14)")
    (add_net "Net-(U4-Pad4)")
    (add_net "Net-(U4-Pad5)")
    (add_net "Net-(U4-Pad6)")
    (add_net "Net-(U4-Pad7)")
    (add_net "Net-(U4-Pad9)")
    (add_net "Net-(U5-Pad3)")
    (add_net "Net-(U5-Pad4)")
    (add_net "Net-(U5-Pad5)")
    (add_net "Net-(U5-Pad6)")
    (add_net "Net-(U5-Pad7)")
    (add_net "Net-(U6-Pad11)")
    (add_net "Net-(U6-Pad12)")
    (add_net "Net-(U6-Pad13)")
    (add_net "Net-(U6-Pad3)")
    (add_net "Net-(U7-Pad8)")
    (add_net "Net-(U8-Pad10)")
    (add_net "Net-(U8-Pad11)")
    (add_net "Net-(U8-Pad14)")
    (add_net "Net-(U8-Pad15)")
    (add_net "Net-(U8-Pad16)")
    (add_net "Net-(U8-Pad2)")
    (add_net "Net-(U8-Pad20)")
    (add_net "Net-(U8-Pad24)")
    (add_net "Net-(U8-Pad26)")
    (add_net "Net-(U8-Pad27)")
    (add_net "Net-(U8-Pad29)")
    (add_net "Net-(U8-Pad3)")
    (add_net "Net-(U8-Pad30)")
    (add_net "Net-(U8-Pad37)")
    (add_net "Net-(U8-Pad38)")
    (add_net "Net-(U8-Pad39)")
    (add_net "Net-(U8-Pad4)")
    (add_net "Net-(U8-Pad40)")
    (add_net "Net-(U8-Pad41)")
    (add_net "Net-(U8-Pad42)")
    (add_net "Net-(U8-Pad43)")
    (add_net "Net-(U8-Pad50)")
    (add_net "Net-(U8-Pad51)")
    (add_net "Net-(U8-Pad52)")
    (add_net "Net-(U8-Pad53)")
    (add_net "Net-(U8-Pad54)")
    (add_net "Net-(U8-Pad55)")
    (add_net "Net-(U8-Pad56)")
    (add_net "Net-(U8-Pad57)")
    (add_net "Net-(U8-Pad58)")
    (add_net "Net-(U8-Pad59)")
    (add_net "Net-(U8-Pad61)")
    (add_net "Net-(U8-Pad62)")
    (add_net "Net-(U8-Pad8)")
    (add_net "Net-(U8-Pad9)")
    (add_net RX_CAN)
    (add_net SDC_3.3)
    (add_net SDC_IN)
    (add_net SDC_OUT)
    (add_net SDC_RDY)
    (add_net SDC_RL)
    (add_net SENSOR_0)
    (add_net SENSOR_1)
    (add_net SENSOR_2)
    (add_net SENSOR_3)
    (add_net SWCLK)
    (add_net SWDIO)
    (add_net TX_CAN)
    (add_net VCC)
    (add_net VCC+15)
    (add_net WD)
  )

  (module Resistor_SMD:R_1206_3216Metric (layer F.Cu) (tedit 5F68FEEE) (tstamp 6092A850)
    (at 170.86126 114.20856)
    (descr "Resistor SMD 1206 (3216 Metric), square (rectangular) end terminal, IPC_7351 nominal, (Body size source: IPC-SM-782 page 72, https://www.pcb-3d.com/wordpress/wp-content/uploads/ipc-sm-782a_amendment_1_and_2.pdf), generated with kicad-footprint-generator")
    (tags resistor)
    (path /6048DA8B/608FD2F6)
    (attr smd)
    (fp_text reference R31 (at 3.09572 0 90) (layer F.SilkS)
      (effects (font (size 1 1) (thickness 0.15)))
    )
    (fp_text value 100 (at 0 1.82) (layer F.Fab)
      (effects (font (size 1 1) (thickness 0.15)))
    )
    (fp_line (start 2.28 1.12) (end -2.28 1.12) (layer F.CrtYd) (width 0.05))
    (fp_line (start 2.28 -1.12) (end 2.28 1.12) (layer F.CrtYd) (width 0.05))
    (fp_line (start -2.28 -1.12) (end 2.28 -1.12) (layer F.CrtYd) (width 0.05))
    (fp_line (start -2.28 1.12) (end -2.28 -1.12) (layer F.CrtYd) (width 0.05))
    (fp_line (start -0.727064 0.91) (end 0.727064 0.91) (layer F.SilkS) (width 0.12))
    (fp_line (start -0.727064 -0.91) (end 0.727064 -0.91) (layer F.SilkS) (width 0.12))
    (fp_line (start 1.6 0.8) (end -1.6 0.8) (layer F.Fab) (width 0.1))
    (fp_line (start 1.6 -0.8) (end 1.6 0.8) (layer F.Fab) (width 0.1))
    (fp_line (start -1.6 -0.8) (end 1.6 -0.8) (layer F.Fab) (width 0.1))
    (fp_line (start -1.6 0.8) (end -1.6 -0.8) (layer F.Fab) (width 0.1))
    (fp_text user %R (at 0 0) (layer F.Fab)
      (effects (font (size 0.8 0.8) (thickness 0.12)))
    )
    (pad 2 smd roundrect (at 1.4625 0) (size 1.125 1.75) (layers F.Cu F.Paste F.Mask) (roundrect_rratio 0.222222)
      (net 79 "Net-(D26-Pad2)"))
    (pad 1 smd roundrect (at -1.4625 0) (size 1.125 1.75) (layers F.Cu F.Paste F.Mask) (roundrect_rratio 0.222222)
      (net 85 "Net-(J5-Pad4)"))
    (model ${KISYS3DMOD}/Resistor_SMD.3dshapes/R_1206_3216Metric.wrl
      (at (xyz 0 0 0))
      (scale (xyz 1 1 1))
      (rotate (xyz 0 0 0))
    )
  )

  (module Resistor_SMD:R_1206_3216Metric (layer F.Cu) (tedit 5F68FEEE) (tstamp 609A748E)
    (at 163.65782 111.69142)
    (descr "Resistor SMD 1206 (3216 Metric), square (rectangular) end terminal, IPC_7351 nominal, (Body size source: IPC-SM-782 page 72, https://www.pcb-3d.com/wordpress/wp-content/uploads/ipc-sm-782a_amendment_1_and_2.pdf), generated with kicad-footprint-generator")
    (tags resistor)
    (path /6048DA8B/6090DADC)
    (attr smd)
    (fp_text reference R24 (at 0.01724 0.06604 180) (layer F.SilkS)
      (effects (font (size 0.6 0.6) (thickness 0.15)))
    )
    (fp_text value 4.7k (at 0 1.82) (layer F.Fab)
      (effects (font (size 1 1) (thickness 0.15)))
    )
    (fp_line (start -1.6 0.8) (end -1.6 -0.8) (layer F.Fab) (width 0.1))
    (fp_line (start -1.6 -0.8) (end 1.6 -0.8) (layer F.Fab) (width 0.1))
    (fp_line (start 1.6 -0.8) (end 1.6 0.8) (layer F.Fab) (width 0.1))
    (fp_line (start 1.6 0.8) (end -1.6 0.8) (layer F.Fab) (width 0.1))
    (fp_line (start -0.727064 -0.91) (end 0.727064 -0.91) (layer F.SilkS) (width 0.12))
    (fp_line (start -0.727064 0.91) (end 0.727064 0.91) (layer F.SilkS) (width 0.12))
    (fp_line (start -2.28 1.12) (end -2.28 -1.12) (layer F.CrtYd) (width 0.05))
    (fp_line (start -2.28 -1.12) (end 2.28 -1.12) (layer F.CrtYd) (width 0.05))
    (fp_line (start 2.28 -1.12) (end 2.28 1.12) (layer F.CrtYd) (width 0.05))
    (fp_line (start 2.28 1.12) (end -2.28 1.12) (layer F.CrtYd) (width 0.05))
    (fp_text user %R (at 0 0) (layer F.Fab)
      (effects (font (size 0.8 0.8) (thickness 0.12)))
    )
    (pad 1 smd roundrect (at -1.4625 0) (size 1.125 1.75) (layers F.Cu F.Paste F.Mask) (roundrect_rratio 0.222222)
      (net 78 "Net-(D24-Pad2)"))
    (pad 2 smd roundrect (at 1.4625 0) (size 1.125 1.75) (layers F.Cu F.Paste F.Mask) (roundrect_rratio 0.222222)
      (net 72 SENSOR_1))
    (model ${KISYS3DMOD}/Resistor_SMD.3dshapes/R_1206_3216Metric.wrl
      (at (xyz 0 0 0))
      (scale (xyz 1 1 1))
      (rotate (xyz 0 0 0))
    )
  )

  (module Resistor_SMD:R_1206_3216Metric (layer F.Cu) (tedit 5F68FEEE) (tstamp 608E65BC)
    (at 163.65782 114.23142 180)
    (descr "Resistor SMD 1206 (3216 Metric), square (rectangular) end terminal, IPC_7351 nominal, (Body size source: IPC-SM-782 page 72, https://www.pcb-3d.com/wordpress/wp-content/uploads/ipc-sm-782a_amendment_1_and_2.pdf), generated with kicad-footprint-generator")
    (tags resistor)
    (path /6048DA8B/6090DAD6)
    (attr smd)
    (fp_text reference R30 (at 3.556 0) (layer F.SilkS)
      (effects (font (size 1 1) (thickness 0.15)))
    )
    (fp_text value 100 (at 0 1.82) (layer F.Fab)
      (effects (font (size 1 1) (thickness 0.15)))
    )
    (fp_line (start -1.6 0.8) (end -1.6 -0.8) (layer F.Fab) (width 0.1))
    (fp_line (start -1.6 -0.8) (end 1.6 -0.8) (layer F.Fab) (width 0.1))
    (fp_line (start 1.6 -0.8) (end 1.6 0.8) (layer F.Fab) (width 0.1))
    (fp_line (start 1.6 0.8) (end -1.6 0.8) (layer F.Fab) (width 0.1))
    (fp_line (start -0.727064 -0.91) (end 0.727064 -0.91) (layer F.SilkS) (width 0.12))
    (fp_line (start -0.727064 0.91) (end 0.727064 0.91) (layer F.SilkS) (width 0.12))
    (fp_line (start -2.28 1.12) (end -2.28 -1.12) (layer F.CrtYd) (width 0.05))
    (fp_line (start -2.28 -1.12) (end 2.28 -1.12) (layer F.CrtYd) (width 0.05))
    (fp_line (start 2.28 -1.12) (end 2.28 1.12) (layer F.CrtYd) (width 0.05))
    (fp_line (start 2.28 1.12) (end -2.28 1.12) (layer F.CrtYd) (width 0.05))
    (fp_text user %R (at 0 0) (layer F.Fab)
      (effects (font (size 0.8 0.8) (thickness 0.12)))
    )
    (pad 1 smd roundrect (at -1.4625 0 180) (size 1.125 1.75) (layers F.Cu F.Paste F.Mask) (roundrect_rratio 0.222222)
      (net 139 "Net-(J5-Pad5)"))
    (pad 2 smd roundrect (at 1.4625 0 180) (size 1.125 1.75) (layers F.Cu F.Paste F.Mask) (roundrect_rratio 0.222222)
      (net 78 "Net-(D24-Pad2)"))
    (model ${KISYS3DMOD}/Resistor_SMD.3dshapes/R_1206_3216Metric.wrl
      (at (xyz 0 0 0))
      (scale (xyz 1 1 1))
      (rotate (xyz 0 0 0))
    )
  )

  (module Resistor_SMD:R_1206_3216Metric (layer F.Cu) (tedit 5F68FEEE) (tstamp 608E6589)
    (at 170.86526 111.66856 180)
    (descr "Resistor SMD 1206 (3216 Metric), square (rectangular) end terminal, IPC_7351 nominal, (Body size source: IPC-SM-782 page 72, https://www.pcb-3d.com/wordpress/wp-content/uploads/ipc-sm-782a_amendment_1_and_2.pdf), generated with kicad-footprint-generator")
    (tags resistor)
    (path /6048DA8B/608FD2FC)
    (attr smd)
    (fp_text reference R27 (at -0.0234 -0.07366 180) (layer F.SilkS)
      (effects (font (size 0.6 0.6) (thickness 0.15)))
    )
    (fp_text value 4.7k (at 0 1.82) (layer F.Fab)
      (effects (font (size 1 1) (thickness 0.15)))
    )
    (fp_line (start -1.6 0.8) (end -1.6 -0.8) (layer F.Fab) (width 0.1))
    (fp_line (start -1.6 -0.8) (end 1.6 -0.8) (layer F.Fab) (width 0.1))
    (fp_line (start 1.6 -0.8) (end 1.6 0.8) (layer F.Fab) (width 0.1))
    (fp_line (start 1.6 0.8) (end -1.6 0.8) (layer F.Fab) (width 0.1))
    (fp_line (start -0.727064 -0.91) (end 0.727064 -0.91) (layer F.SilkS) (width 0.12))
    (fp_line (start -0.727064 0.91) (end 0.727064 0.91) (layer F.SilkS) (width 0.12))
    (fp_line (start -2.28 1.12) (end -2.28 -1.12) (layer F.CrtYd) (width 0.05))
    (fp_line (start -2.28 -1.12) (end 2.28 -1.12) (layer F.CrtYd) (width 0.05))
    (fp_line (start 2.28 -1.12) (end 2.28 1.12) (layer F.CrtYd) (width 0.05))
    (fp_line (start 2.28 1.12) (end -2.28 1.12) (layer F.CrtYd) (width 0.05))
    (fp_text user %R (at 0 0) (layer F.Fab)
      (effects (font (size 0.8 0.8) (thickness 0.12)))
    )
    (pad 1 smd roundrect (at -1.4625 0 180) (size 1.125 1.75) (layers F.Cu F.Paste F.Mask) (roundrect_rratio 0.222222)
      (net 79 "Net-(D26-Pad2)"))
    (pad 2 smd roundrect (at 1.4625 0 180) (size 1.125 1.75) (layers F.Cu F.Paste F.Mask) (roundrect_rratio 0.222222)
      (net 73 SENSOR_2))
    (model ${KISYS3DMOD}/Resistor_SMD.3dshapes/R_1206_3216Metric.wrl
      (at (xyz 0 0 0))
      (scale (xyz 1 1 1))
      (rotate (xyz 0 0 0))
    )
  )

  (module Capacitor_SMD:C_1206_3216Metric (layer F.Cu) (tedit 5F68FEEE) (tstamp 608E62E8)
    (at 163.64532 109.15142 180)
    (descr "Capacitor SMD 1206 (3216 Metric), square (rectangular) end terminal, IPC_7351 nominal, (Body size source: IPC-SM-782 page 76, https://www.pcb-3d.com/wordpress/wp-content/uploads/ipc-sm-782a_amendment_1_and_2.pdf), generated with kicad-footprint-generator")
    (tags capacitor)
    (path /6048DA8B/6090DAEE)
    (attr smd)
    (fp_text reference C26 (at -0.10086 1.84658) (layer F.SilkS)
      (effects (font (size 1 1) (thickness 0.15)))
    )
    (fp_text value 100n (at 0 1.85) (layer F.Fab)
      (effects (font (size 1 1) (thickness 0.15)))
    )
    (fp_line (start -1.6 0.8) (end -1.6 -0.8) (layer F.Fab) (width 0.1))
    (fp_line (start -1.6 -0.8) (end 1.6 -0.8) (layer F.Fab) (width 0.1))
    (fp_line (start 1.6 -0.8) (end 1.6 0.8) (layer F.Fab) (width 0.1))
    (fp_line (start 1.6 0.8) (end -1.6 0.8) (layer F.Fab) (width 0.1))
    (fp_line (start -0.711252 -0.91) (end 0.711252 -0.91) (layer F.SilkS) (width 0.12))
    (fp_line (start -0.711252 0.91) (end 0.711252 0.91) (layer F.SilkS) (width 0.12))
    (fp_line (start -2.3 1.15) (end -2.3 -1.15) (layer F.CrtYd) (width 0.05))
    (fp_line (start -2.3 -1.15) (end 2.3 -1.15) (layer F.CrtYd) (width 0.05))
    (fp_line (start 2.3 -1.15) (end 2.3 1.15) (layer F.CrtYd) (width 0.05))
    (fp_line (start 2.3 1.15) (end -2.3 1.15) (layer F.CrtYd) (width 0.05))
    (fp_text user %R (at 0 0) (layer F.Fab)
      (effects (font (size 0.8 0.8) (thickness 0.12)))
    )
    (pad 1 smd roundrect (at -1.475 0 180) (size 1.15 1.8) (layers F.Cu F.Paste F.Mask) (roundrect_rratio 0.217391)
      (net 72 SENSOR_1))
    (pad 2 smd roundrect (at 1.475 0 180) (size 1.15 1.8) (layers F.Cu F.Paste F.Mask) (roundrect_rratio 0.217391)
      (net 11 GND))
    (model ${KISYS3DMOD}/Capacitor_SMD.3dshapes/C_1206_3216Metric.wrl
      (at (xyz 0 0 0))
      (scale (xyz 1 1 1))
      (rotate (xyz 0 0 0))
    )
  )

  (module Capacitor_SMD:C_1206_3216Metric (layer F.Cu) (tedit 5F68FEEE) (tstamp 608E62F9)
    (at 170.87776 109.12856)
    (descr "Capacitor SMD 1206 (3216 Metric), square (rectangular) end terminal, IPC_7351 nominal, (Body size source: IPC-SM-782 page 76, https://www.pcb-3d.com/wordpress/wp-content/uploads/ipc-sm-782a_amendment_1_and_2.pdf), generated with kicad-footprint-generator")
    (tags capacitor)
    (path /6048DA8B/608FD30E)
    (attr smd)
    (fp_text reference C27 (at 0.0236 -1.87706 180) (layer F.SilkS)
      (effects (font (size 1 1) (thickness 0.15)))
    )
    (fp_text value 100n (at 0 1.85) (layer F.Fab)
      (effects (font (size 1 1) (thickness 0.15)))
    )
    (fp_line (start 2.3 1.15) (end -2.3 1.15) (layer F.CrtYd) (width 0.05))
    (fp_line (start 2.3 -1.15) (end 2.3 1.15) (layer F.CrtYd) (width 0.05))
    (fp_line (start -2.3 -1.15) (end 2.3 -1.15) (layer F.CrtYd) (width 0.05))
    (fp_line (start -2.3 1.15) (end -2.3 -1.15) (layer F.CrtYd) (width 0.05))
    (fp_line (start -0.711252 0.91) (end 0.711252 0.91) (layer F.SilkS) (width 0.12))
    (fp_line (start -0.711252 -0.91) (end 0.711252 -0.91) (layer F.SilkS) (width 0.12))
    (fp_line (start 1.6 0.8) (end -1.6 0.8) (layer F.Fab) (width 0.1))
    (fp_line (start 1.6 -0.8) (end 1.6 0.8) (layer F.Fab) (width 0.1))
    (fp_line (start -1.6 -0.8) (end 1.6 -0.8) (layer F.Fab) (width 0.1))
    (fp_line (start -1.6 0.8) (end -1.6 -0.8) (layer F.Fab) (width 0.1))
    (fp_text user %R (at 0 0) (layer F.Fab)
      (effects (font (size 0.8 0.8) (thickness 0.12)))
    )
    (pad 2 smd roundrect (at 1.475 0) (size 1.15 1.8) (layers F.Cu F.Paste F.Mask) (roundrect_rratio 0.217391)
      (net 11 GND))
    (pad 1 smd roundrect (at -1.475 0) (size 1.15 1.8) (layers F.Cu F.Paste F.Mask) (roundrect_rratio 0.217391)
      (net 73 SENSOR_2))
    (model ${KISYS3DMOD}/Capacitor_SMD.3dshapes/C_1206_3216Metric.wrl
      (at (xyz 0 0 0))
      (scale (xyz 1 1 1))
      (rotate (xyz 0 0 0))
    )
  )

  (module Resistor_SMD:R_1206_3216Metric (layer F.Cu) (tedit 5F68FEEE) (tstamp 609A0103)
    (at 167.21836 115.39782 270)
    (descr "Resistor SMD 1206 (3216 Metric), square (rectangular) end terminal, IPC_7351 nominal, (Body size source: IPC-SM-782 page 72, https://www.pcb-3d.com/wordpress/wp-content/uploads/ipc-sm-782a_amendment_1_and_2.pdf), generated with kicad-footprint-generator")
    (tags resistor)
    (path /6048DA8B/60A12D83)
    (attr smd)
    (fp_text reference R36 (at 3.07032 -0.04064 180) (layer F.SilkS)
      (effects (font (size 1 1) (thickness 0.15)))
    )
    (fp_text value R_Small (at 0 1.82 90) (layer F.Fab)
      (effects (font (size 1 1) (thickness 0.15)))
    )
    (fp_line (start 2.28 1.12) (end -2.28 1.12) (layer F.CrtYd) (width 0.05))
    (fp_line (start 2.28 -1.12) (end 2.28 1.12) (layer F.CrtYd) (width 0.05))
    (fp_line (start -2.28 -1.12) (end 2.28 -1.12) (layer F.CrtYd) (width 0.05))
    (fp_line (start -2.28 1.12) (end -2.28 -1.12) (layer F.CrtYd) (width 0.05))
    (fp_line (start -0.727064 0.91) (end 0.727064 0.91) (layer F.SilkS) (width 0.12))
    (fp_line (start -0.727064 -0.91) (end 0.727064 -0.91) (layer F.SilkS) (width 0.12))
    (fp_line (start 1.6 0.8) (end -1.6 0.8) (layer F.Fab) (width 0.1))
    (fp_line (start 1.6 -0.8) (end 1.6 0.8) (layer F.Fab) (width 0.1))
    (fp_line (start -1.6 -0.8) (end 1.6 -0.8) (layer F.Fab) (width 0.1))
    (fp_line (start -1.6 0.8) (end -1.6 -0.8) (layer F.Fab) (width 0.1))
    (fp_text user %R (at 0 0 90) (layer F.Fab)
      (effects (font (size 0.8 0.8) (thickness 0.12)))
    )
    (pad 2 smd roundrect (at 1.4625 0 270) (size 1.125 1.75) (layers F.Cu F.Paste F.Mask) (roundrect_rratio 0.222222)
      (net 11 GND))
    (pad 1 smd roundrect (at -1.4625 0 270) (size 1.125 1.75) (layers F.Cu F.Paste F.Mask) (roundrect_rratio 0.222222)
      (net 72 SENSOR_1))
    (model ${KISYS3DMOD}/Resistor_SMD.3dshapes/R_1206_3216Metric.wrl
      (at (xyz 0 0 0))
      (scale (xyz 1 1 1))
      (rotate (xyz 0 0 0))
    )
  )

  (module Resistor_SMD:R_1206_3216Metric (layer F.Cu) (tedit 5F68FEEE) (tstamp 609A0125)
    (at 174.60722 110.25832 90)
    (descr "Resistor SMD 1206 (3216 Metric), square (rectangular) end terminal, IPC_7351 nominal, (Body size source: IPC-SM-782 page 72, https://www.pcb-3d.com/wordpress/wp-content/uploads/ipc-sm-782a_amendment_1_and_2.pdf), generated with kicad-footprint-generator")
    (tags resistor)
    (path /6048DA8B/60A07051)
    (attr smd)
    (fp_text reference R38 (at 2.61566 -0.02032 180) (layer F.SilkS)
      (effects (font (size 1 1) (thickness 0.15)))
    )
    (fp_text value R_Small (at 0 1.82 90) (layer F.Fab)
      (effects (font (size 1 1) (thickness 0.15)))
    )
    (fp_line (start 2.28 1.12) (end -2.28 1.12) (layer F.CrtYd) (width 0.05))
    (fp_line (start 2.28 -1.12) (end 2.28 1.12) (layer F.CrtYd) (width 0.05))
    (fp_line (start -2.28 -1.12) (end 2.28 -1.12) (layer F.CrtYd) (width 0.05))
    (fp_line (start -2.28 1.12) (end -2.28 -1.12) (layer F.CrtYd) (width 0.05))
    (fp_line (start -0.727064 0.91) (end 0.727064 0.91) (layer F.SilkS) (width 0.12))
    (fp_line (start -0.727064 -0.91) (end 0.727064 -0.91) (layer F.SilkS) (width 0.12))
    (fp_line (start 1.6 0.8) (end -1.6 0.8) (layer F.Fab) (width 0.1))
    (fp_line (start 1.6 -0.8) (end 1.6 0.8) (layer F.Fab) (width 0.1))
    (fp_line (start -1.6 -0.8) (end 1.6 -0.8) (layer F.Fab) (width 0.1))
    (fp_line (start -1.6 0.8) (end -1.6 -0.8) (layer F.Fab) (width 0.1))
    (fp_text user %R (at 0 0 90) (layer F.Fab)
      (effects (font (size 0.8 0.8) (thickness 0.12)))
    )
    (pad 2 smd roundrect (at 1.4625 0 90) (size 1.125 1.75) (layers F.Cu F.Paste F.Mask) (roundrect_rratio 0.222222)
      (net 11 GND))
    (pad 1 smd roundrect (at -1.4625 0 90) (size 1.125 1.75) (layers F.Cu F.Paste F.Mask) (roundrect_rratio 0.222222)
      (net 74 SENSOR_3))
    (model ${KISYS3DMOD}/Resistor_SMD.3dshapes/R_1206_3216Metric.wrl
      (at (xyz 0 0 0))
      (scale (xyz 1 1 1))
      (rotate (xyz 0 0 0))
    )
  )

  (module Resistor_SMD:R_1206_3216Metric (layer F.Cu) (tedit 5F68FEEE) (tstamp 609A72D7)
    (at 167.23614 110.2888 90)
    (descr "Resistor SMD 1206 (3216 Metric), square (rectangular) end terminal, IPC_7351 nominal, (Body size source: IPC-SM-782 page 72, https://www.pcb-3d.com/wordpress/wp-content/uploads/ipc-sm-782a_amendment_1_and_2.pdf), generated with kicad-footprint-generator")
    (tags resistor)
    (path /6048DA8B/60A0F2A9)
    (attr smd)
    (fp_text reference R37 (at 3.01444 0.0381 180) (layer F.SilkS)
      (effects (font (size 1 1) (thickness 0.15)))
    )
    (fp_text value R_Small (at 0 1.82 90) (layer F.Fab)
      (effects (font (size 1 1) (thickness 0.15)))
    )
    (fp_line (start 2.28 1.12) (end -2.28 1.12) (layer F.CrtYd) (width 0.05))
    (fp_line (start 2.28 -1.12) (end 2.28 1.12) (layer F.CrtYd) (width 0.05))
    (fp_line (start -2.28 -1.12) (end 2.28 -1.12) (layer F.CrtYd) (width 0.05))
    (fp_line (start -2.28 1.12) (end -2.28 -1.12) (layer F.CrtYd) (width 0.05))
    (fp_line (start -0.727064 0.91) (end 0.727064 0.91) (layer F.SilkS) (width 0.12))
    (fp_line (start -0.727064 -0.91) (end 0.727064 -0.91) (layer F.SilkS) (width 0.12))
    (fp_line (start 1.6 0.8) (end -1.6 0.8) (layer F.Fab) (width 0.1))
    (fp_line (start 1.6 -0.8) (end 1.6 0.8) (layer F.Fab) (width 0.1))
    (fp_line (start -1.6 -0.8) (end 1.6 -0.8) (layer F.Fab) (width 0.1))
    (fp_line (start -1.6 0.8) (end -1.6 -0.8) (layer F.Fab) (width 0.1))
    (fp_text user %R (at 0 0 90) (layer F.Fab)
      (effects (font (size 0.8 0.8) (thickness 0.12)))
    )
    (pad 2 smd roundrect (at 1.4625 0 90) (size 1.125 1.75) (layers F.Cu F.Paste F.Mask) (roundrect_rratio 0.222222)
      (net 11 GND))
    (pad 1 smd roundrect (at -1.4625 0 90) (size 1.125 1.75) (layers F.Cu F.Paste F.Mask) (roundrect_rratio 0.222222)
      (net 73 SENSOR_2))
    (model ${KISYS3DMOD}/Resistor_SMD.3dshapes/R_1206_3216Metric.wrl
      (at (xyz 0 0 0))
      (scale (xyz 1 1 1))
      (rotate (xyz 0 0 0))
    )
  )

  (module Resistor_SMD:R_1206_3216Metric (layer F.Cu) (tedit 5F68FEEE) (tstamp 609A00F2)
    (at 160.0962 110.2741 90)
    (descr "Resistor SMD 1206 (3216 Metric), square (rectangular) end terminal, IPC_7351 nominal, (Body size source: IPC-SM-782 page 72, https://www.pcb-3d.com/wordpress/wp-content/uploads/ipc-sm-782a_amendment_1_and_2.pdf), generated with kicad-footprint-generator")
    (tags resistor)
    (path /6048DA8B/60A16A60)
    (attr smd)
    (fp_text reference R35 (at 2.9083 0.08636 180) (layer F.SilkS)
      (effects (font (size 1 1) (thickness 0.15)))
    )
    (fp_text value R_Small (at 0 1.82 90) (layer F.Fab)
      (effects (font (size 1 1) (thickness 0.15)))
    )
    (fp_line (start 2.28 1.12) (end -2.28 1.12) (layer F.CrtYd) (width 0.05))
    (fp_line (start 2.28 -1.12) (end 2.28 1.12) (layer F.CrtYd) (width 0.05))
    (fp_line (start -2.28 -1.12) (end 2.28 -1.12) (layer F.CrtYd) (width 0.05))
    (fp_line (start -2.28 1.12) (end -2.28 -1.12) (layer F.CrtYd) (width 0.05))
    (fp_line (start -0.727064 0.91) (end 0.727064 0.91) (layer F.SilkS) (width 0.12))
    (fp_line (start -0.727064 -0.91) (end 0.727064 -0.91) (layer F.SilkS) (width 0.12))
    (fp_line (start 1.6 0.8) (end -1.6 0.8) (layer F.Fab) (width 0.1))
    (fp_line (start 1.6 -0.8) (end 1.6 0.8) (layer F.Fab) (width 0.1))
    (fp_line (start -1.6 -0.8) (end 1.6 -0.8) (layer F.Fab) (width 0.1))
    (fp_line (start -1.6 0.8) (end -1.6 -0.8) (layer F.Fab) (width 0.1))
    (fp_text user %R (at 0 0 90) (layer F.Fab)
      (effects (font (size 0.8 0.8) (thickness 0.12)))
    )
    (pad 2 smd roundrect (at 1.4625 0 90) (size 1.125 1.75) (layers F.Cu F.Paste F.Mask) (roundrect_rratio 0.222222)
      (net 11 GND))
    (pad 1 smd roundrect (at -1.4625 0 90) (size 1.125 1.75) (layers F.Cu F.Paste F.Mask) (roundrect_rratio 0.222222)
      (net 71 SENSOR_0))
    (model ${KISYS3DMOD}/Resistor_SMD.3dshapes/R_1206_3216Metric.wrl
      (at (xyz 0 0 0))
      (scale (xyz 1 1 1))
      (rotate (xyz 0 0 0))
    )
  )

  (module Resistor_SMD:R_1206_3216Metric (layer F.Cu) (tedit 5F68FEEE) (tstamp 60929EFD)
    (at 156.5816 111.69904)
    (descr "Resistor SMD 1206 (3216 Metric), square (rectangular) end terminal, IPC_7351 nominal, (Body size source: IPC-SM-782 page 72, https://www.pcb-3d.com/wordpress/wp-content/uploads/ipc-sm-782a_amendment_1_and_2.pdf), generated with kicad-footprint-generator")
    (tags resistor)
    (path /6048DA8B/609222FB)
    (attr smd)
    (fp_text reference R23 (at -2.99034 -0.50038 270) (layer F.SilkS)
      (effects (font (size 1 1) (thickness 0.15)))
    )
    (fp_text value 4.7k (at 0 1.82) (layer F.Fab)
      (effects (font (size 1 1) (thickness 0.15)))
    )
    (fp_line (start 2.28 1.12) (end -2.28 1.12) (layer F.CrtYd) (width 0.05))
    (fp_line (start 2.28 -1.12) (end 2.28 1.12) (layer F.CrtYd) (width 0.05))
    (fp_line (start -2.28 -1.12) (end 2.28 -1.12) (layer F.CrtYd) (width 0.05))
    (fp_line (start -2.28 1.12) (end -2.28 -1.12) (layer F.CrtYd) (width 0.05))
    (fp_line (start -0.727064 0.91) (end 0.727064 0.91) (layer F.SilkS) (width 0.12))
    (fp_line (start -0.727064 -0.91) (end 0.727064 -0.91) (layer F.SilkS) (width 0.12))
    (fp_line (start 1.6 0.8) (end -1.6 0.8) (layer F.Fab) (width 0.1))
    (fp_line (start 1.6 -0.8) (end 1.6 0.8) (layer F.Fab) (width 0.1))
    (fp_line (start -1.6 -0.8) (end 1.6 -0.8) (layer F.Fab) (width 0.1))
    (fp_line (start -1.6 0.8) (end -1.6 -0.8) (layer F.Fab) (width 0.1))
    (fp_text user %R (at 0 0) (layer F.Fab)
      (effects (font (size 0.8 0.8) (thickness 0.12)))
    )
    (pad 2 smd roundrect (at 1.4625 0) (size 1.125 1.75) (layers F.Cu F.Paste F.Mask) (roundrect_rratio 0.222222)
      (net 71 SENSOR_0))
    (pad 1 smd roundrect (at -1.4625 0) (size 1.125 1.75) (layers F.Cu F.Paste F.Mask) (roundrect_rratio 0.222222)
      (net 75 "Net-(D20-Pad2)"))
    (model ${KISYS3DMOD}/Resistor_SMD.3dshapes/R_1206_3216Metric.wrl
      (at (xyz 0 0 0))
      (scale (xyz 1 1 1))
      (rotate (xyz 0 0 0))
    )
  )

  (module Resistor_SMD:R_1206_3216Metric (layer F.Cu) (tedit 5F68FEEE) (tstamp 608E65AB)
    (at 156.5636 114.23904 180)
    (descr "Resistor SMD 1206 (3216 Metric), square (rectangular) end terminal, IPC_7351 nominal, (Body size source: IPC-SM-782 page 72, https://www.pcb-3d.com/wordpress/wp-content/uploads/ipc-sm-782a_amendment_1_and_2.pdf), generated with kicad-footprint-generator")
    (tags resistor)
    (path /6048DA8B/609222F5)
    (attr smd)
    (fp_text reference R29 (at 2.93678 -0.0381 270) (layer F.SilkS)
      (effects (font (size 1 1) (thickness 0.15)))
    )
    (fp_text value 100 (at 0 1.82) (layer F.Fab)
      (effects (font (size 1 1) (thickness 0.15)))
    )
    (fp_line (start 2.28 1.12) (end -2.28 1.12) (layer F.CrtYd) (width 0.05))
    (fp_line (start 2.28 -1.12) (end 2.28 1.12) (layer F.CrtYd) (width 0.05))
    (fp_line (start -2.28 -1.12) (end 2.28 -1.12) (layer F.CrtYd) (width 0.05))
    (fp_line (start -2.28 1.12) (end -2.28 -1.12) (layer F.CrtYd) (width 0.05))
    (fp_line (start -0.727064 0.91) (end 0.727064 0.91) (layer F.SilkS) (width 0.12))
    (fp_line (start -0.727064 -0.91) (end 0.727064 -0.91) (layer F.SilkS) (width 0.12))
    (fp_line (start 1.6 0.8) (end -1.6 0.8) (layer F.Fab) (width 0.1))
    (fp_line (start 1.6 -0.8) (end 1.6 0.8) (layer F.Fab) (width 0.1))
    (fp_line (start -1.6 -0.8) (end 1.6 -0.8) (layer F.Fab) (width 0.1))
    (fp_line (start -1.6 0.8) (end -1.6 -0.8) (layer F.Fab) (width 0.1))
    (fp_text user %R (at 0 0) (layer F.Fab)
      (effects (font (size 0.8 0.8) (thickness 0.12)))
    )
    (pad 2 smd roundrect (at 1.4625 0 180) (size 1.125 1.75) (layers F.Cu F.Paste F.Mask) (roundrect_rratio 0.222222)
      (net 75 "Net-(D20-Pad2)"))
    (pad 1 smd roundrect (at -1.4625 0 180) (size 1.125 1.75) (layers F.Cu F.Paste F.Mask) (roundrect_rratio 0.222222)
      (net 138 "Net-(J5-Pad6)"))
    (model ${KISYS3DMOD}/Resistor_SMD.3dshapes/R_1206_3216Metric.wrl
      (at (xyz 0 0 0))
      (scale (xyz 1 1 1))
      (rotate (xyz 0 0 0))
    )
  )

  (module Capacitor_SMD:C_1206_3216Metric (layer F.Cu) (tedit 5F68FEEE) (tstamp 608E6282)
    (at 156.5511 109.15904 180)
    (descr "Capacitor SMD 1206 (3216 Metric), square (rectangular) end terminal, IPC_7351 nominal, (Body size source: IPC-SM-782 page 76, https://www.pcb-3d.com/wordpress/wp-content/uploads/ipc-sm-782a_amendment_1_and_2.pdf), generated with kicad-footprint-generator")
    (tags capacitor)
    (path /6048DA8B/6092230D)
    (attr smd)
    (fp_text reference C20 (at 0.79576 1.80086) (layer F.SilkS)
      (effects (font (size 1 1) (thickness 0.15)))
    )
    (fp_text value 100n (at 0 1.85) (layer F.Fab)
      (effects (font (size 1 1) (thickness 0.15)))
    )
    (fp_line (start 2.3 1.15) (end -2.3 1.15) (layer F.CrtYd) (width 0.05))
    (fp_line (start 2.3 -1.15) (end 2.3 1.15) (layer F.CrtYd) (width 0.05))
    (fp_line (start -2.3 -1.15) (end 2.3 -1.15) (layer F.CrtYd) (width 0.05))
    (fp_line (start -2.3 1.15) (end -2.3 -1.15) (layer F.CrtYd) (width 0.05))
    (fp_line (start -0.711252 0.91) (end 0.711252 0.91) (layer F.SilkS) (width 0.12))
    (fp_line (start -0.711252 -0.91) (end 0.711252 -0.91) (layer F.SilkS) (width 0.12))
    (fp_line (start 1.6 0.8) (end -1.6 0.8) (layer F.Fab) (width 0.1))
    (fp_line (start 1.6 -0.8) (end 1.6 0.8) (layer F.Fab) (width 0.1))
    (fp_line (start -1.6 -0.8) (end 1.6 -0.8) (layer F.Fab) (width 0.1))
    (fp_line (start -1.6 0.8) (end -1.6 -0.8) (layer F.Fab) (width 0.1))
    (fp_text user %R (at 0 0) (layer F.Fab)
      (effects (font (size 0.8 0.8) (thickness 0.12)))
    )
    (pad 2 smd roundrect (at 1.475 0 180) (size 1.15 1.8) (layers F.Cu F.Paste F.Mask) (roundrect_rratio 0.217391)
      (net 11 GND))
    (pad 1 smd roundrect (at -1.475 0 180) (size 1.15 1.8) (layers F.Cu F.Paste F.Mask) (roundrect_rratio 0.217391)
      (net 71 SENSOR_0))
    (model ${KISYS3DMOD}/Capacitor_SMD.3dshapes/C_1206_3216Metric.wrl
      (at (xyz 0 0 0))
      (scale (xyz 1 1 1))
      (rotate (xyz 0 0 0))
    )
  )

  (module Diode_SMD:D_SOD-323 (layer F.Cu) (tedit 58641739) (tstamp 608E9EF8)
    (at 155.9601 116.52504)
    (descr SOD-323)
    (tags SOD-323)
    (path /6048DA8B/60922307)
    (attr smd)
    (fp_text reference D21 (at -2.3536 0.63246 90) (layer F.SilkS)
      (effects (font (size 1 1) (thickness 0.15)))
    )
    (fp_text value 4V (at 0.1 1.9) (layer F.Fab)
      (effects (font (size 1 1) (thickness 0.15)))
    )
    (fp_line (start -1.5 -0.85) (end 1.05 -0.85) (layer F.SilkS) (width 0.12))
    (fp_line (start -1.5 0.85) (end 1.05 0.85) (layer F.SilkS) (width 0.12))
    (fp_line (start -1.6 -0.95) (end -1.6 0.95) (layer F.CrtYd) (width 0.05))
    (fp_line (start -1.6 0.95) (end 1.6 0.95) (layer F.CrtYd) (width 0.05))
    (fp_line (start 1.6 -0.95) (end 1.6 0.95) (layer F.CrtYd) (width 0.05))
    (fp_line (start -1.6 -0.95) (end 1.6 -0.95) (layer F.CrtYd) (width 0.05))
    (fp_line (start -0.9 -0.7) (end 0.9 -0.7) (layer F.Fab) (width 0.1))
    (fp_line (start 0.9 -0.7) (end 0.9 0.7) (layer F.Fab) (width 0.1))
    (fp_line (start 0.9 0.7) (end -0.9 0.7) (layer F.Fab) (width 0.1))
    (fp_line (start -0.9 0.7) (end -0.9 -0.7) (layer F.Fab) (width 0.1))
    (fp_line (start -0.3 -0.35) (end -0.3 0.35) (layer F.Fab) (width 0.1))
    (fp_line (start -0.3 0) (end -0.5 0) (layer F.Fab) (width 0.1))
    (fp_line (start -0.3 0) (end 0.2 -0.35) (layer F.Fab) (width 0.1))
    (fp_line (start 0.2 -0.35) (end 0.2 0.35) (layer F.Fab) (width 0.1))
    (fp_line (start 0.2 0.35) (end -0.3 0) (layer F.Fab) (width 0.1))
    (fp_line (start 0.2 0) (end 0.45 0) (layer F.Fab) (width 0.1))
    (fp_line (start -1.5 -0.85) (end -1.5 0.85) (layer F.SilkS) (width 0.12))
    (fp_text user %R (at 0 -1.85) (layer F.Fab)
      (effects (font (size 1 1) (thickness 0.15)))
    )
    (pad 1 smd rect (at -1.05 0) (size 0.6 0.45) (layers F.Cu F.Paste F.Mask)
      (net 75 "Net-(D20-Pad2)"))
    (pad 2 smd rect (at 1.05 0) (size 0.6 0.45) (layers F.Cu F.Paste F.Mask)
      (net 11 GND))
    (model ${KISYS3DMOD}/Diode_SMD.3dshapes/D_SOD-323.wrl
      (at (xyz 0 0 0))
      (scale (xyz 1 1 1))
      (rotate (xyz 0 0 0))
    )
  )

  (module Diode_SMD:D_SOD-323 (layer F.Cu) (tedit 58641739) (tstamp 608E9F54)
    (at 171.30776 116.49456 180)
    (descr SOD-323)
    (tags SOD-323)
    (path /6048DA8B/608FD308)
    (attr smd)
    (fp_text reference D27 (at -3.0988 -0.06096 180) (layer F.SilkS)
      (effects (font (size 1 1) (thickness 0.15)))
    )
    (fp_text value 4V (at 0.1 1.9) (layer F.Fab)
      (effects (font (size 1 1) (thickness 0.15)))
    )
    (fp_line (start -1.5 -0.85) (end 1.05 -0.85) (layer F.SilkS) (width 0.12))
    (fp_line (start -1.5 0.85) (end 1.05 0.85) (layer F.SilkS) (width 0.12))
    (fp_line (start -1.6 -0.95) (end -1.6 0.95) (layer F.CrtYd) (width 0.05))
